:SENSitivity	 светочувствительность
measurement - там выбирается с каких портов считывать S11 S21 S12 S22

E5071C Анализатор цепей серии ENA 
Ответы 
:SENS:FREQ:DATA?
bytesSent 17
bytesRec 4020Echoed test = +3.00000000000E+005
+1.00298500000E+008
+2.00297000000E+008
+3.00295500000E+008
+4.00294000000E+008
+5.00292500000E+008
+6.00291000000E+008
+7.00289500000E+008
+8.00288000000E+008
+9.00286500000E+008
+1.00028500000E+009
+1.10028350000E+009
+1.20028200000E+009
+1.30028050000E+009
+1.40027900000E+009
+1.50027750000E+009
+1.60027600000E+009
+1.70027450000E+009
+1.80027300000E+009
+1.90027150000E+009
+2.00027000000E+009
+2.10026850000E+009
+2.20026700000E+009
+2.30026550000E+009
+2.40026400000E+009
+2.50026250000E+009
+2.60026100000E+009
+2.70025950000E+009
+2.80025800000E+009
+2.90025650000E+009
+3.00025500000E+009
+3.10025350000E+009
+3.20025200000E+009
+3.30025050000E+009
+3.40024900000E+009
+3.50024750000E+009
+3.60024600000E+009
+3.70024450000E+009
+3.80024300000E+009
+3.90024150000E+009
+4.00024000000E+009
+4.10023850000E+009
+4.20023700000E+009
+4.30023550000E+009
+4.40023400000E+009
+4.50023250000E+009
+4.60023100000E+009
+4.70022950000E+009
+4.80022800000E+009
+4.90022650000E+009
+5.00022500000E+009
+5.10022350000E+009
+5.20022200000E+009
+5.30022050000E+009
+5.40021900000E+009
+5.50021750000E+009
+5.60021600000E+009
+5.70021450000E+009
+5.80021300000E+009
+5.90021150000E+009
+6.00021000000E+009
+6.10020850000E+009
+6.20020700000E+009
+6.30020550000E+009
+6.40020400000E+009
+6.50020250000E+009
+6.60020100000E+009
+6.70019950000E+009
+6.80019800000E+009
+6.90019650000E+009
+7.00019500000E+009
+7.10019350000E+009
+7.20019200000E+009
+7.30019050000E+009
+7.40018900000E+009
+7.50018750000E+009
+7.60018600000E+009
+7.70018450000E+009
+7.80018300000E+009
+7.90018150000E+009
+8.00018000000E+009
+8.10017850000E+009
+8.20017700000E+009
+8.30017550000E+009
+8.40017400000E+009
+8.50017250000E+009
+8.60017100000E+009
+8.70016950000E+009
+8.80016800000E+009
+8.90016650000E+009
+9.00016500000E+009
+9.10016350000E+009
+9.20016200000E+009
+9.30016050000E+009
+9.40015900000E+009
+9.50015750000E+009
+9.60015600000E+009
+9.70015450000E+009
+9.80015300000E+009
+9.90015150000E+009
+1.00001500000E+010
+1.01001485000E+010
+1.02001470000E+010
+1.03001455000E+010
+1.04001440000E+010
+1.05001425000E+010
+1.06001410000E+010
+1.07001395000E+010
+1.08001380000E+010
+1.09001365000E+010
+1.10001350000E+010
+1.11001335000E+010
+1.12001320000E+010
+1.13001305000E+010
+1.14001290000E+010
+1.15001275000E+010
+1.16001260000E+010
+1.17001245000E+010
+1.18001230000E+010
+1.19001215000E+010
+1.20001200000E+010
+1.21001185000E+010
+1.22001170000E+010
+1.23001155000E+010
+1.24001140000E+010
+1.25001125000E+010
+1.26001110000E+010
+1.27001095000E+010
+1.28001080000E+010
+1.29001065000E+010
+1.30001050000E+010
+1.31001035000E+010
+1.32001020000E+010
+1.33001005000E+010
+1.34000990000E+010
+1.35000975000E+010
+1.36000960000E+010
+1.37000945000E+010
+1.38000930000E+010
+1.39000915000E+010
+1.40000900000E+010
+1.41000885000E+010
+1.42000870000E+010
+1.43000855000E+010
+1.44000840000E+010
+1.45000825000E+010
+1.46000810000E+010
+1.47000795000E+010
+1.48000780000E+010
+1.49000765000E+010
+1.50000750000E+010
+1.51000735000E+010
+1.52000720000E+010
+1.53000705000E+010
+1.54000690000E+010
+1.55000675000E+010
+1.56000660000E+010
+1.57000645000E+010
+1.58000630000E+010
+1.59000615000E+010
+1.60000600000E+010
+1.61000585000E+010
+1.62000570000E+010
+1.63000555000E+010
+1.64000540000E+010
+1.65000525000E+010
+1.66000510000E+010
+1.67000495000E+010
+1.68000480000E+010
+1.69000465000E+010
+1.70000450000E+010
+1.71000435000E+010
+1.72000420000E+010
+1.73000405000E+010
+1.74000390000E+010
+1.75000375000E+010
+1.76000360000E+010
+1.77000345000E+010
+1.78000330000E+010
+1.79000315000E+010
+1.80000300000E+010
+1.81000285000E+010
+1.82000270000E+010
+1.83000255000E+010
+1.84000240000E+010
+1.85000225000E+010
+1.86000210000E+010
+1.87000195000E+010
+1.88000180000E+010
+1.89000165000E+010
+1.90000150000E+010
+1.91000135000E+010
+1.92000120000E+010
+1.93000105000E+010
+1.94000090000E+010
+1.95000075000E+010
+1.96000060000E+010
+1.97000045000E+010
+1.98000030000E+010
+1.99000015000E+010
+2.00000000000E+010

Socket connected to 192.168.0.2:5025
:SENS1:FREQ:DATA?
bytesSent 18
bytesRec 4020Echoed test = +3.00000000000E+005
+1.00298500000E+008
+2.00297000000E+008
+3.00295500000E+008
+4.00294000000E+008
+5.00292500000E+008
+6.00291000000E+008
+7.00289500000E+008
+8.00288000000E+008
+9.00286500000E+008
+1.00028500000E+009
+1.10028350000E+009
+1.20028200000E+009
+1.30028050000E+009
+1.40027900000E+009
+1.50027750000E+009
+1.60027600000E+009
+1.70027450000E+009
+1.80027300000E+009
+1.90027150000E+009
+2.00027000000E+009
+2.10026850000E+009
+2.20026700000E+009
+2.30026550000E+009
+2.40026400000E+009
+2.50026250000E+009
+2.60026100000E+009
+2.70025950000E+009
+2.80025800000E+009
+2.90025650000E+009
+3.00025500000E+009
+3.10025350000E+009
+3.20025200000E+009
+3.30025050000E+009
+3.40024900000E+009
+3.50024750000E+009
+3.60024600000E+009
+3.70024450000E+009
+3.80024300000E+009
+3.90024150000E+009
+4.00024000000E+009
+4.10023850000E+009
+4.20023700000E+009
+4.30023550000E+009
+4.40023400000E+009
+4.50023250000E+009
+4.60023100000E+009
+4.70022950000E+009
+4.80022800000E+009
+4.90022650000E+009
+5.00022500000E+009
+5.10022350000E+009
+5.20022200000E+009
+5.30022050000E+009
+5.40021900000E+009
+5.50021750000E+009
+5.60021600000E+009
+5.70021450000E+009
+5.80021300000E+009
+5.90021150000E+009
+6.00021000000E+009
+6.10020850000E+009
+6.20020700000E+009
+6.30020550000E+009
+6.40020400000E+009
+6.50020250000E+009
+6.60020100000E+009
+6.70019950000E+009
+6.80019800000E+009
+6.90019650000E+009
+7.00019500000E+009
+7.10019350000E+009
+7.20019200000E+009
+7.30019050000E+009
+7.40018900000E+009
+7.50018750000E+009
+7.60018600000E+009
+7.70018450000E+009
+7.80018300000E+009
+7.90018150000E+009
+8.00018000000E+009
+8.10017850000E+009
+8.20017700000E+009
+8.30017550000E+009
+8.40017400000E+009
+8.50017250000E+009
+8.60017100000E+009
+8.70016950000E+009
+8.80016800000E+009
+8.90016650000E+009
+9.00016500000E+009
+9.10016350000E+009
+9.20016200000E+009
+9.30016050000E+009
+9.40015900000E+009
+9.50015750000E+009
+9.60015600000E+009
+9.70015450000E+009
+9.80015300000E+009
+9.90015150000E+009
+1.00001500000E+010
+1.01001485000E+010
+1.02001470000E+010
+1.03001455000E+010
+1.04001440000E+010
+1.05001425000E+010
+1.06001410000E+010
+1.07001395000E+010
+1.08001380000E+010
+1.09001365000E+010
+1.10001350000E+010
+1.11001335000E+010
+1.12001320000E+010
+1.13001305000E+010
+1.14001290000E+010
+1.15001275000E+010
+1.16001260000E+010
+1.17001245000E+010
+1.18001230000E+010
+1.19001215000E+010
+1.20001200000E+010
+1.21001185000E+010
+1.22001170000E+010
+1.23001155000E+010
+1.24001140000E+010
+1.25001125000E+010
+1.26001110000E+010
+1.27001095000E+010
+1.28001080000E+010
+1.29001065000E+010
+1.30001050000E+010
+1.31001035000E+010
+1.32001020000E+010
+1.33001005000E+010
+1.34000990000E+010
+1.35000975000E+010
+1.36000960000E+010
+1.37000945000E+010
+1.38000930000E+010
+1.39000915000E+010
+1.40000900000E+010
+1.41000885000E+010
+1.42000870000E+010
+1.43000855000E+010
+1.44000840000E+010
+1.45000825000E+010
+1.46000810000E+010
+1.47000795000E+010
+1.48000780000E+010
+1.49000765000E+010
+1.50000750000E+010
+1.51000735000E+010
+1.52000720000E+010
+1.53000705000E+010
+1.54000690000E+010
+1.55000675000E+010
+1.56000660000E+010
+1.57000645000E+010
+1.58000630000E+010
+1.59000615000E+010
+1.60000600000E+010
+1.61000585000E+010
+1.62000570000E+010
+1.63000555000E+010
+1.64000540000E+010
+1.65000525000E+010
+1.66000510000E+010
+1.67000495000E+010
+1.68000480000E+010
+1.69000465000E+010
+1.70000450000E+010
+1.71000435000E+010
+1.72000420000E+010
+1.73000405000E+010
+1.74000390000E+010
+1.75000375000E+010
+1.76000360000E+010
+1.77000345000E+010
+1.78000330000E+010
+1.79000315000E+010
+1.80000300000E+010
+1.81000285000E+010
+1.82000270000E+010
+1.83000255000E+010
+1.84000240000E+010
+1.85000225000E+010
+1.86000210000E+010
+1.87000195000E+010
+1.88000180000E+010
+1.89000165000E+010
+1.90000150000E+010
+1.91000135000E+010
+1.92000120000E+010
+1.93000105000E+010
+1.94000090000E+010
+1.95000075000E+010
+1.96000060000E+010
+1.97000045000E+010
+1.98000030000E+010
+1.99000015000E+010
+2.00000000000E+010

Socket connected to 192.168.0.2:5025
:SENS2:FREQ:DATA?
bytesSent 18
bytesRec 4020Echoed test = +3.00000000000E+005
+1.00298500000E+008
+2.00297000000E+008
+3.00295500000E+008
+4.00294000000E+008
+5.00292500000E+008
+6.00291000000E+008
+7.00289500000E+008
+8.00288000000E+008
+9.00286500000E+008
+1.00028500000E+009
+1.10028350000E+009
+1.20028200000E+009
+1.30028050000E+009
+1.40027900000E+009
+1.50027750000E+009
+1.60027600000E+009
+1.70027450000E+009
+1.80027300000E+009
+1.90027150000E+009
+2.00027000000E+009
+2.10026850000E+009
+2.20026700000E+009
+2.30026550000E+009
+2.40026400000E+009
+2.50026250000E+009
+2.60026100000E+009
+2.70025950000E+009
+2.80025800000E+009
+2.90025650000E+009
+3.00025500000E+009
+3.10025350000E+009
+3.20025200000E+009
+3.30025050000E+009
+3.40024900000E+009
+3.50024750000E+009
+3.60024600000E+009
+3.70024450000E+009
+3.80024300000E+009
+3.90024150000E+009
+4.00024000000E+009
+4.10023850000E+009
+4.20023700000E+009
+4.30023550000E+009
+4.40023400000E+009
+4.50023250000E+009
+4.60023100000E+009
+4.70022950000E+009
+4.80022800000E+009
+4.90022650000E+009
+5.00022500000E+009
+5.10022350000E+009
+5.20022200000E+009
+5.30022050000E+009
+5.40021900000E+009
+5.50021750000E+009
+5.60021600000E+009
+5.70021450000E+009
+5.80021300000E+009
+5.90021150000E+009
+6.00021000000E+009
+6.10020850000E+009
+6.20020700000E+009
+6.30020550000E+009
+6.40020400000E+009
+6.50020250000E+009
+6.60020100000E+009
+6.70019950000E+009
+6.80019800000E+009
+6.90019650000E+009
+7.00019500000E+009
+7.10019350000E+009
+7.20019200000E+009
+7.30019050000E+009
+7.40018900000E+009
+7.50018750000E+009
+7.60018600000E+009
+7.70018450000E+009
+7.80018300000E+009
+7.90018150000E+009
+8.00018000000E+009
+8.10017850000E+009
+8.20017700000E+009
+8.30017550000E+009
+8.40017400000E+009
+8.50017250000E+009
+8.60017100000E+009
+8.70016950000E+009
+8.80016800000E+009
+8.90016650000E+009
+9.00016500000E+009
+9.10016350000E+009
+9.20016200000E+009
+9.30016050000E+009
+9.40015900000E+009
+9.50015750000E+009
+9.60015600000E+009
+9.70015450000E+009
+9.80015300000E+009
+9.90015150000E+009
+1.00001500000E+010
+1.01001485000E+010
+1.02001470000E+010
+1.03001455000E+010
+1.04001440000E+010
+1.05001425000E+010
+1.06001410000E+010
+1.07001395000E+010
+1.08001380000E+010
+1.09001365000E+010
+1.10001350000E+010
+1.11001335000E+010
+1.12001320000E+010
+1.13001305000E+010
+1.14001290000E+010
+1.15001275000E+010
+1.16001260000E+010
+1.17001245000E+010
+1.18001230000E+010
+1.19001215000E+010
+1.20001200000E+010
+1.21001185000E+010
+1.22001170000E+010
+1.23001155000E+010
+1.24001140000E+010
+1.25001125000E+010
+1.26001110000E+010
+1.27001095000E+010
+1.28001080000E+010
+1.29001065000E+010
+1.30001050000E+010
+1.31001035000E+010
+1.32001020000E+010
+1.33001005000E+010
+1.34000990000E+010
+1.35000975000E+010
+1.36000960000E+010
+1.37000945000E+010
+1.38000930000E+010
+1.39000915000E+010
+1.40000900000E+010
+1.41000885000E+010
+1.42000870000E+010
+1.43000855000E+010
+1.44000840000E+010
+1.45000825000E+010
+1.46000810000E+010
+1.47000795000E+010
+1.48000780000E+010
+1.49000765000E+010
+1.50000750000E+010
+1.51000735000E+010
+1.52000720000E+010
+1.53000705000E+010
+1.54000690000E+010
+1.55000675000E+010
+1.56000660000E+010
+1.57000645000E+010
+1.58000630000E+010
+1.59000615000E+010
+1.60000600000E+010
+1.61000585000E+010
+1.62000570000E+010
+1.63000555000E+010
+1.64000540000E+010
+1.65000525000E+010
+1.66000510000E+010
+1.67000495000E+010
+1.68000480000E+010
+1.69000465000E+010
+1.70000450000E+010
+1.71000435000E+010
+1.72000420000E+010
+1.73000405000E+010
+1.74000390000E+010
+1.75000375000E+010
+1.76000360000E+010
+1.77000345000E+010
+1.78000330000E+010
+1.79000315000E+010
+1.80000300000E+010
+1.81000285000E+010
+1.82000270000E+010
+1.83000255000E+010
+1.84000240000E+010
+1.85000225000E+010
+1.86000210000E+010
+1.87000195000E+010
+1.88000180000E+010
+1.89000165000E+010
+1.90000150000E+010
+1.91000135000E+010
+1.92000120000E+010
+1.93000105000E+010
+1.94000090000E+010
+1.95000075000E+010
+1.96000060000E+010
+1.97000045000E+010
+1.98000030000E+010
+1.99000015000E+010
+2.00000000000E+010

Socket connected to 192.168.0.2:5025
:SENS3:FREQ:DATA?
bytesSent 18  ошибка